[[  1.30254919e-05   5.40626974e-04   4.47464500e-03   8.79225921e-03
    4.47464500e-03]
 [  5.40626974e-04   1.69577668e-02   1.04168279e-01   1.76597247e-01
    1.04168279e-01]
 [  4.47464500e-03   1.04168279e-01  -1.14302923e-01  -1.35697077e-01
   -1.14302923e-01]
 [  8.79225921e-03   1.76597247e-01  -1.35697077e-01   1.76597247e-01
   -1.35697077e-01]
 [  4.47464500e-03   1.04168279e-01  -1.14302923e-01  -1.35697077e-01
   -1.14302923e-01]]
[[ 0.00039059  0.00323281  0.00635216  0.00323281  0.00039059]
 [ 0.01225151  0.07525865  0.12758654  0.07525865  0.01225151]
 [ 0.07525865 -0.11430292 -0.13569708 -0.11430292  0.07525865]
 [ 0.12758654 -0.13569708  0.12758654 -0.13569708  0.12758654]
 [ 0.07525865 -0.11430292 -0.13569708 -0.11430292  0.07525865]]
[[  4.47464500e-03   8.79225921e-03   4.47464500e-03   5.40626974e-04
    1.30254919e-05]
 [  1.04168279e-01   1.76597247e-01   1.04168279e-01   1.69577668e-02
    5.40626974e-04]
 [ -1.14302923e-01  -1.35697077e-01  -1.14302923e-01   1.04168279e-01
    4.47464500e-03]
 [ -1.35697077e-01   1.76597247e-01  -1.35697077e-01   1.76597247e-01
    8.79225921e-03]
 [ -1.14302923e-01  -1.35697077e-01  -1.14302923e-01   1.04168279e-01
    4.47464500e-03]]
[[ 0.00039059  0.01225151  0.07525865  0.12758654  0.07525865]
 [ 0.00323281  0.07525865 -0.11430292 -0.13569708 -0.11430292]
 [ 0.00635216  0.12758654 -0.13569708  0.12758654 -0.13569708]
 [ 0.00323281  0.07525865 -0.11430292 -0.13569708 -0.11430292]
 [ 0.00039059  0.01225151  0.07525865  0.12758654  0.07525865]]
[[ 0.07525865  0.12758654  0.07525865  0.01225151  0.00039059]
 [-0.11430292 -0.13569708 -0.11430292  0.07525865  0.00323281]
 [-0.13569708  0.12758654 -0.13569708  0.12758654  0.00635216]
 [-0.11430292 -0.13569708 -0.11430292  0.07525865  0.00323281]
 [ 0.07525865  0.12758654  0.07525865  0.01225151  0.00039059]]
[[  4.47464500e-03   1.04168279e-01  -1.14302923e-01  -1.35697077e-01
   -1.14302923e-01]
 [  8.79225921e-03   1.76597247e-01  -1.35697077e-01   1.76597247e-01
   -1.35697077e-01]
 [  4.47464500e-03   1.04168279e-01  -1.14302923e-01  -1.35697077e-01
   -1.14302923e-01]
 [  5.40626974e-04   1.69577668e-02   1.04168279e-01   1.76597247e-01
    1.04168279e-01]
 [  1.30254919e-05   5.40626974e-04   4.47464500e-03   8.79225921e-03
    4.47464500e-03]]
[[ 0.07525865 -0.11430292 -0.13569708 -0.11430292  0.07525865]
 [ 0.12758654 -0.13569708  0.12758654 -0.13569708  0.12758654]
 [ 0.07525865 -0.11430292 -0.13569708 -0.11430292  0.07525865]
 [ 0.01225151  0.07525865  0.12758654  0.07525865  0.01225151]
 [ 0.00039059  0.00323281  0.00635216  0.00323281  0.00039059]]
[[ -1.14302923e-01  -1.35697077e-01  -1.14302923e-01   1.04168279e-01
    4.47464500e-03]
 [ -1.35697077e-01   1.76597247e-01  -1.35697077e-01   1.76597247e-01
    8.79225921e-03]
 [ -1.14302923e-01  -1.35697077e-01  -1.14302923e-01   1.04168279e-01
    4.47464500e-03]
 [  1.04168279e-01   1.76597247e-01   1.04168279e-01   1.69577668e-02
    5.40626974e-04]
 [  4.47464500e-03   8.79225921e-03   4.47464500e-03   5.40626974e-04
    1.30254919e-05]]
