	0.0 5.63785129692e-17 
[[ 0.0738255   0.12272291  0.0738255   0.01534036  0.00479386]
 [-0.11373391 -0.13626609 -0.11373391  0.0738255   0.00767018]
 [-0.13626609  0.12272291 -0.13626609  0.12272291  0.0105465 ]
 [-0.11373391 -0.13626609 -0.11373391  0.0738255   0.00767018]
 [ 0.0738255   0.12272291  0.0738255   0.01534036  0.00479386]]
	0.785398163397 1.73472347598e-18 
[[-0.01217228 -0.00842697 -0.01217228 -0.01498127 -0.01498127]
 [ 0.10454545  0.19393939  0.10454545 -0.00187266 -0.01498127]
 [-0.10299625 -0.11891386 -0.10299625  0.10454545 -0.01217228]
 [-0.11891386  0.19393939 -0.11891386  0.19393939 -0.00842697]
 [-0.10299625 -0.11891386 -0.10299625  0.10454545 -0.01217228]]
	1.57079632679 -2.77555756156e-17 
[[ 0.00479386  0.00767018  0.0105465   0.00767018  0.00479386]
 [ 0.01534036  0.0738255   0.12272291  0.0738255   0.01534036]
 [ 0.0738255  -0.11373391 -0.13626609 -0.11373391  0.0738255 ]
 [ 0.12272291 -0.13626609  0.12272291 -0.13626609  0.12272291]
 [ 0.0738255  -0.11373391 -0.13626609 -0.11373391  0.0738255 ]]
	2.35619449019 6.93889390391e-17 
[[-0.01498127 -0.01498127 -0.01217228 -0.00842697 -0.01217228]
 [-0.01498127 -0.00187266  0.10454545  0.19393939  0.10454545]
 [-0.01217228  0.10454545 -0.10299625 -0.11891386 -0.10299625]
 [-0.00842697  0.19393939 -0.11891386  0.19393939 -0.11891386]
 [-0.01217228  0.10454545 -0.10299625 -0.11891386 -0.10299625]]
	3.14159265359 -2.77555756156e-17 
[[ 0.00479386  0.01534036  0.0738255   0.12272291  0.0738255 ]
 [ 0.00767018  0.0738255  -0.11373391 -0.13626609 -0.11373391]
 [ 0.0105465   0.12272291 -0.13626609  0.12272291 -0.13626609]
 [ 0.00767018  0.0738255  -0.11373391 -0.13626609 -0.11373391]
 [ 0.00479386  0.01534036  0.0738255   0.12272291  0.0738255 ]]
	3.92699081699 -5.20417042793e-18 
[[-0.01217228  0.10454545 -0.10299625 -0.11891386 -0.10299625]
 [-0.00842697  0.19393939 -0.11891386  0.19393939 -0.11891386]
 [-0.01217228  0.10454545 -0.10299625 -0.11891386 -0.10299625]
 [-0.01498127 -0.00187266  0.10454545  0.19393939  0.10454545]
 [-0.01498127 -0.01498127 -0.01217228 -0.00842697 -0.01217228]]
	4.71238898038 3.38271077815e-17 
[[ 0.0738255  -0.11373391 -0.13626609 -0.11373391  0.0738255 ]
 [ 0.12272291 -0.13626609  0.12272291 -0.13626609  0.12272291]
 [ 0.0738255  -0.11373391 -0.13626609 -0.11373391  0.0738255 ]
 [ 0.01534036  0.0738255   0.12272291  0.0738255   0.01534036]
 [ 0.00479386  0.00767018  0.0105465   0.00767018  0.00479386]]
	5.49778714378 1.49186218934e-16 
[[-0.10299625 -0.11891386 -0.10299625  0.10454545 -0.01217228]
 [-0.11891386  0.19393939 -0.11891386  0.19393939 -0.00842697]
 [-0.10299625 -0.11891386 -0.10299625  0.10454545 -0.01217228]
 [ 0.10454545  0.19393939  0.10454545 -0.00187266 -0.01498127]
 [-0.01217228 -0.00842697 -0.01217228 -0.01498127 -0.01498127]]
